L1 = [1, 2, 3, 4, 5, 6, 7, 8, 9, 10, 11, 12, 13, 14, 15, 16, 17, 18, 19, 20, 21, 22, 23, 167960, 25, 26, 27, 28, 29, 30, 31, 32, 33, 34, 35, 36, 37, 817190, 39, 40, 86493225, 42, 2220075, 6188, 45, 46, 47, 166871334960, 49, 50, 6943526580276, 12341, 55, 56, 1362649145, 472733756, 66, 239877544005, 70, 13983816, 78, 3159461968, 84, 2203961430, 73815, 12376, 91, 1715884494940, 12551759587422, 2319959400, 8122425444, 105, 14833897694226, 3432, 120, 22481940, 3910797436, 126, 73006209045, 18564, 19600, 136, 1947792, 24, 3268760, 153, 3262623, 376992, 11554258485616, 8145060, 165, 1166803110, 171, 1471442973, 10295472, 5608233007146, 501942, 646626422970, 32247603683100, 20058300, 178365, 190, 347373600, 69668534468, 7898654920, 121548660036300, 23535820, 6499270398159, 8568, 210, 25140840660, 45379620, 92378, 220, 12033222880, 67327446062800, 33578000610, 38, 58343356817424, 231, 76904685, 735471, 64512240, 8436, 421171648758, 41, 1408831480056, 4272048, 252, 253, 43, 2104098963720, 44, 15890700, 575757, 4368, 450978066, 276, 11058116888, 319770, 10015005, 286, 1855967520, 48, 300540195, 1184040, 300, 2324784, 1761039350070, 22314239266528, 325, 13037895, 330, 82251, 2333606220, 9364199760, 151532656696, 2054455634, 145422675, 346104, 4923689695575, 834451800, 85900584, 99884400, 351, 286097760, 25518731280, 12650, 364, 818809200, 51021117810, 635745396, 4059928950, 40116600, 378, 211915132, 2250829575120, 10626, 657800, 937845656300, 350343565, 1352078, 4495, 7309837001104, 6545, 47129212243960, 406, 11541847896480, 4537567650, 10660, 254661927156, 34597290, 5200300, 435, 17383860, 38320568, 455, 15380937, 352716, 462, 446775310800, 465, 1121099408, 245157, 12620256, 7726160, 495, 496, 962598, 27132, 66045, 39049918716424, 3838380, 528, 2035800, 123410, 269128937220, 194580, 1961256, 23206929840, 2600, 3169870830126, 560, 561, 1086008, 184756, 20030010, 8436285, 18851684897584, 601080390, 135751, 51915526432, 100947, 658008, 13340783196, 2311801440, 265182149218, 70607460, 14950, 18643560, 37442160, 2118760, 630, 513791607420, 1370754, 15905368710, 8597496600, 52251400851, 8855, 666, 201376, 44352165, 121399651100, 680, 1820, 18156204, 9847379391150, 30260340, 63205303218876, 703, 715, 2707475148, 12875774670, 193536720, 1623160, 61523748, 192928249296, 203490, 741, 31465, 850668, 4845, 43758, 28760021745, 177232627, 30421755, 13884156, 183579396, 101766230790, 780, 27405, 4116715363800, 792, 1052049481860, 353697121050, 2704156, 94143280, 16735679449896, 816, 1476337800, 137846528820, 820, 3348108992991, 140676848445, 2310789600, 9075135300, 225792840, 490314, 341643774795, 131128140, 49699896548176, 95548245, 230230, 30045015, 10400600, 80730, 861, 4960, 927983760, 573166440, 1101716330, 2925, 1307504, 33649, 32224114, 74613, 244662670200, 377348994, 21474180, 903, 1676056044, 5005, 17296, 348330136, 101270, 705432, 924, 30957699535776, 847660528, 211876, 6724520, 8233430727600, 17620076360, 946, 9139, 4457400, 3003, 13244, 1503232609098, 273438880, 969, 177100, 906192, 4076350421, 990, 3365856, 7140, 77558760, 4686825, 119759850, 3060, 54264, 7669339132, 4496388, 1035, 141120525, 608359048206, 686353797976, 125970, 206253075, 6906900, 324632, 736281, 5245786, 22239974430, 1712304, 293930, 538257874440, 103077446706, 163011640, 1081, 5567902560, 296010, 563921995, 960566918220, 31824, 15338678264, 675248872536, 2042975, 1128, 6096454, 27385657281648, 1140, 35960, 1221759, 52360, 17550, 15504, 7315, 38608020, 14190, 2741188875414, 1176, 1906884, 30405943383200, 6973199770790, 142506, 215553195, 417225900, 11440, 53524680, 1225, 35345263800, 38567100, 40225345056, 151584480450, 23751, 15180, 1560780, 3276, 260932815, 2012616400080, 1575580702584, 50388, 1391975640, 888030, 445891810, 29135916264, 800472431850, 5311735, 4568648125690, 91390, 1917334783, 1144066, 1029530696964, 1287, 3108105, 11480, 3190187286, 854992152, 170544, 9366819, 17417133617, 46376, 1251677700, 344867425584, 1330, 111930, 265182525, 37711260990, 48903492, 3124550, 8217822536, 15084504396, 5456, 28781143380, 1365, 88749815264600, 35240152720, 511738760544, 9657700, 254186856, 67863915, 11628, 22595200368, 163185, 126410606437752, 18053528883775, 1344904, 73629072, 314457495, 5414950296, 68923264410, 2254848913647, 28048800, 1093260079344, 12870, 230300, 1203322288, 1852482996, 65780, 480700, 134596, 1677106640, 52860229080, 124403620, 354860518600, 10737573, 78378960360, 2300, 991493848554, 62891499, 48620, 3796297200, 1103068603890, 595, 646646, 3247943160, 2438362177020, 36576848168, 166509721602, 148995, 1540, 3773655750150, 42504, 4154246671960, 62852101650, 58905, 5379616, 600805296, 13123110, 4292145, 16215, 92263734836, 62359143990, 116280, 536878650, 98672427616, 3654, 37353738800, 20160075, 2818953098830, 129024480, 202112640600, 2505433700, 7770, 17672631900, 565722720, 5586853480, 7059052, 1107568, 51895935, 9762479679106, 482320623240, 751616304549, 2496144, 262596783764, 9880, 10272278170, 1562275, 1749695026860, 88732378800, 1716, 229911617056, 435897, 38910617655, 18424, 886163135, 15471286560, 8347680, 708930508, 77520, 6435, 108043253365600, 26334, 4280561376, 155117520, 1771, 278256, 354817320, 21090682613, 24310, 5852925, 63432274896, 131282408400, 497420, 114955808528, 237336, 10518300, 1081575, 3876, 7890371113950, 84672315, 75582, 5178066751, 8008, 14307150, 7888725, 749398, 5752004349, 54627300, 28277527346376, 5984, 5985, 38760, 118030185, 7307872110, 593775, 2024, 1001, 6540715896, 20349, 145008513, 53130, 475020, 16123801841550, 12271512, 416714805914, 376740, 10150595910, 113380261800, 1037158320, 9669554100, 169911, 52451256, 2481256778, 2629575, 2380, 6107086800, 19448, 2002, 40920, 92561040, 4060, 4244421484512, 471435600, 118755, 3562467300, 98280, 2760681, 1533939, 26978328, 548354040, 20475]

def prime_factors(n):
	L1 = []
	d = 2
	while d*d <= n:
		while (n % d) == 0:
		    L1.append(d)
		    n = n/d
		d = d + 1
	if n > 1:
	       L1.append(n)
	return L1

L2 = []

for x in range(len(L1)):
    if len(prime_factors(L1[x])) == len(list(set(prime_factors(L1[x])))):
        L2.append(L1[x])


#34029210557338
#easy problems, easy life
